1.503007116127652587e-02 8.370493219045516131e-01
6.020815893065945001e-02 8.679248089068305472e-01
1.643189853605445672e-01 7.577916563979656406e-01
3.997835444215593892e-01 7.221261237897513841e-01
9.185086825932314847e-01 6.786338903109581100e-01
5.354214908932036776e-01 6.739402046709651595e-01
5.176842625436890444e-01 6.344180493142710375e-01
3.256634364644469537e-01 8.621278770032432259e-01
3.024400042400864352e-01 6.290583161177930593e-01
4.059601711994577089e-01 6.511351722821703270e-01
3.673947412172940963e-01 8.542500895637876734e-01
9.807257999335426968e-01 5.759187106765083497e-01
6.769457480937581817e-01 3.400295559853453442e-01
7.288275238128287814e-01 1.610656286654856828e-01
6.057518812305537903e-01 2.585796764332152220e-01
4.134351823177051521e-01 2.863368861160079382e-01
6.811353624019665931e-01 6.174535760366517412e-02
5.146989524295730867e-01 2.860343583640904130e-01
5.534612700601203583e-01 3.870522605969115570e-01
4.630424983357118718e-01 3.656648569899637602e-01
8.799672724281203395e-01 8.161805564251846112e-01
6.819064956339870864e-01 7.869161642199913320e-01
8.305258694501049810e-01 8.963403925354390678e-01
8.794735230078276622e-01 8.934694948146445492e-01
6.317446867165056323e-01 6.940313561095344808e-01
8.638746254947380354e-01 4.213876426781666407e-01
6.856217904264828578e-01 3.034319153547629933e-01
9.892415933301590414e-01 3.981311752518941205e-01
8.906092443229441935e-01 6.416922525956858525e-02
9.692886530302222692e-01 5.626552744837286513e-01
8.432370860199146501e-01 6.216541183717292363e-01
4.577231482485232261e-01 6.627328785077507556e-01
6.430063224520569110e-01 4.636819241363361321e-01
7.485283864135487963e-01 6.310735727044936016e-01
3.469889034831719066e-01 4.391658240685710757e-01
4.506625361360616644e-01 1.025034420562478399e-01
3.340529661847346787e-01 1.089800014459973987e-02
3.909334535610395900e-01 1.171469593965994704e-01
2.070568975785779253e-01 3.842076779576297785e-02
3.763515252049199900e-01 1.258741506359384310e-02
5.393370611653778290e-01 2.061946107696718267e-01
6.908250713621294503e-01 6.111144403941642933e-01
5.309847663427582631e-01 3.124924920222228453e-01
9.333745623568800998e-01 4.532223652027971283e-01
9.363291482474579430e-01 3.967995668000606768e-01
6.201973077026342596e-01 3.661343637114289340e-01
5.001440908530953022e-01 2.025966662425082720e-02
9.044350091574671069e-02 1.450796606654428667e-01
3.005669142514376668e-01 8.108703229860004802e-01
2.864967351045208943e-01 4.988237625289956290e-01
1.529087071537947873e-01 2.089653852455640726e-01
3.013078374709119434e-01 3.745165258368496897e-01
4.705237553672946271e-01 8.685431165505875795e-01
1.751150507055065919e-02 7.261345027406342911e-01
1.627367167029795114e-01 6.727168170835772232e-01
5.718829595355523487e-02 9.811509858349767299e-01
3.901366067966960394e-02 6.953569161212921346e-01
4.999066991070439947e-01 9.448694180240496676e-01
9.884296952246167667e-01 7.633244943690856710e-01
4.852961525033152590e-01 9.098970763745656276e-01
8.297241878962446915e-01 4.581177697163180129e-01
9.146406834834679422e-01 5.928862541517375684e-01
7.470811191645158056e-01 9.154006687882841886e-01
8.110976082089483841e-01 9.917344615870923308e-01
3.723579562202662396e-01 4.489365083543096491e-01
3.166854651737318616e-01 2.682152815174857485e-01
1.152514795215288101e-01 7.916356180544725785e-02
1.155381654831961757e-01 5.543657665610777219e-01
4.779293875110436352e-01 8.404397436389521303e-02
3.652867363293015313e-01 3.582530769715475127e-02
1.676632521681142851e-02 1.206443952912861217e-02
2.650281506811420495e-01 4.290721437998968879e-01
7.687425680618203971e-01 6.137276893063355887e-01
9.236433206628009707e-01 3.506217787386810558e-01
9.524132536734463139e-01 5.598212217774112265e-02
7.540779056421320625e-01 4.983383088198410915e-01
5.273820749453396184e-01 5.025797104670114424e-01
2.347934388363405178e-01 8.477446680263719392e-01
2.249109343354335211e-01 7.614156250333330433e-01
2.847485177281534607e-01 8.215325952872979398e-01
4.431614860669470524e-01 7.710003276882373413e-01
3.634973891425319348e-01 9.473087636638395370e-01
2.220656803985666672e-01 4.573126828049794979e-01
3.018549824277064753e-01 3.311391847790242648e-01
2.132761832075799058e-01 3.175437303527353095e-01
1.111196030771862686e-01 3.677070132056218243e-01
6.598752886743175505e-02 3.321014284848692322e-01
4.453892103389944790e-02 4.352474026746567803e-01
1.046856415269649121e-01 2.859087145992759149e-01
8.613520989743065348e-01 6.135852309246587755e-01
8.869925902053131805e-01 6.245323896374207484e-01
7.390547898664572291e-01 3.194165624218266997e-01
5.073567491708766974e-01 5.349786775667386696e-01
4.402050202699449022e-01 7.007316509637340207e-01
3.594283145918345523e-01 8.817613152255310283e-01
4.288353118104981654e-02 7.435608921388501269e-01
1.554084866447621449e-01 7.823730185613991805e-01
2.764686052350467937e-01 5.978863121436511774e-01
7.153068016988850530e-02 4.286337615375003240e-01
3.083263753698198828e-01 5.216861905293597168e-01
2.200148066206724096e-01 4.759873819356903457e-01
1.768225798013289829e-02 6.021207029359189056e-01
9.141533495929299313e-02 7.617628968753799024e-01
2.488910273550156704e-01 4.597556266020115245e-01
3.812398285554893240e-01 9.486781808284189266e-01
3.723260932326816208e-01 6.896768298354327698e-01
5.700029499818113354e-01 6.961685287360903640e-01
5.565421314326023383e-01 4.774698493319504689e-01
6.009438972093507081e-01 2.172983813709588041e-01
6.709135767020037999e-01 1.540222486503084465e-02
8.366519948839041820e-01 1.536805646694466843e-01
7.355520049379697944e-01 2.263226377604968809e-01
2.627499057536510918e-01 2.556269599284327620e-01
3.496949873682196896e-01 4.745069641081456346e-01
6.191851648590596113e-02 8.524694076854665292e-01
3.048599649913797949e-01 9.253709794615783135e-01
7.392315453146020010e-01 5.537361292295261972e-01
5.883677714425409322e-01 4.862765978381246024e-01
6.974206498327849557e-01 8.241338673922183888e-01
7.890491743432915817e-01 7.684178920817120728e-01
6.385455398745725208e-01 7.263462584272527556e-01
2.045516931146161843e-01 9.100667328594140848e-01
3.758183801309888938e-02 9.622137271495397881e-01
6.704249884867075071e-02 9.885093066629847547e-01
1.447977874372606832e-01 9.114960907703765214e-01
4.336649375289998165e-01 8.081667993898945523e-01
7.422778480639854459e-01 2.161733959790945736e-01
7.498771173614448005e-01 2.290329893579043929e-01
6.108029151596057194e-01 2.252858266583942504e-01
7.023892138271731200e-01 1.195504564191482988e-01
5.198750113448158405e-01 5.230302067259404719e-01
4.761161528136109711e-01 5.430763949217499720e-01
2.377953999568646060e-01 4.686047981372545301e-01
1.851130284781067337e-01 3.865453569019628999e-01
5.243755104895198027e-02 4.733826101380043117e-01
5.425749830659346573e-01 2.783787411661881039e-01
6.970404317010514550e-01 4.205442495447035967e-01
7.328844413522744849e-01 7.668311806224678007e-01
8.048893439914267534e-01 8.090462873948335298e-01
9.131442108932066315e-01 8.454805674818405281e-01
7.578408038604849128e-01 7.975697275038119427e-01
6.899823214728049159e-01 5.534088722480019484e-01
9.218602484254947438e-01 5.469961362803597016e-01
8.510920487708815152e-01 3.618571179998441023e-01
7.939316692056797020e-01 4.231541337143044368e-01
6.239777043798104827e-01 3.791421698212020797e-01
5.894482762045917257e-01 4.938092097631557875e-01
4.325833153411073884e-01 5.142288393692485693e-01
2.877544710846599019e-01 6.909021869403962901e-01
1.043590646661758381e-01 2.685796304074772323e-01
1.256942946311838671e-01 2.247281391385443916e-01
1.047114820852848016e-01 1.099176313034464503e-01
9.350375092036855573e-02 2.004459697853905320e-01
3.235244461106625558e-01 1.628553236466526721e-01
2.680713702099714046e-01 2.897622134393927906e-01
4.086155428889567398e-01 1.781162010656154315e-01
4.756768523625177769e-01 2.933623963665983325e-01
2.054322986574069754e-01 5.306058638953502493e-01
6.157045053913907662e-01 2.963134285033556248e-01
5.827489829758054629e-01 2.051464490393647422e-01
2.947873436096015709e-01 3.209524579178737458e-01
4.215840260289257513e-01 3.688460694433126630e-01
4.623412644264196514e-01 4.961661110616617520e-01
9.185517951754987864e-01 1.813724045868948531e-01
8.540752332814636194e-01 2.247675179497199416e-01
9.331582078723208440e-01 2.591685378373360660e-01
8.485478498285727866e-01 4.807170018994978422e-01
8.027175765700932386e-01 3.544223379887087022e-01
9.188578967028940836e-01 4.801476266023059214e-01
6.622701498220314731e-01 6.076619089812937968e-01
6.672150479048266636e-01 5.367658087733541139e-01
4.664264271338184331e-01 7.503090448608268348e-01
5.451020473490078011e-01 4.216683419184266146e-01
7.254729728579518699e-01 4.940047242937505301e-01
8.809018199254600168e-01 8.955783489746640402e-01
7.413020081649209780e-01 7.250134857606901351e-01
8.627661853183006269e-01 5.002031010325428406e-01
8.791243156445078810e-01 2.756910242906834840e-01
9.786915983050437085e-01 1.366421818474462535e-01
6.409109181311808401e-01 4.188878786469671933e-01
6.163833475309427046e-01 7.579534588553844543e-01
8.049934186067212449e-01 7.939053416699104471e-01
8.859834210155305145e-01 8.210985628971990691e-01
7.001794340205956813e-01 9.866619917307783982e-01
3.057158115813418675e-03 6.892851753977178308e-01
4.862179984891901174e-02 1.350114430652840092e-01
1.651345905858844221e-01 1.673569179073997049e-01
1.962015853732023141e-01 1.482241082157175205e-01
1.552192495470416933e-01 2.717771629672518507e-01
3.492240746937204099e-01 1.393291661143384319e-01
5.927879773296000909e-01 2.130124773379938885e-01
6.620380930960456656e-01 1.306843442870698757e-01
9.109598559157261466e-01 9.734000829164579649e-02
8.190681622989148813e-01 1.084100373369923931e-01
5.702384422437608569e-01 6.753860306627668120e-02
5.299326477655479373e-01 1.724633929233473362e-01
6.595031886958608869e-01 8.027770316552162999e-02
6.995623885866940617e-01 2.212772684244257437e-02
4.938869977037482206e-01 5.550940143023253004e-02
5.078458394913100138e-01 2.420592496863044341e-01
1.503007116127652587e-02 8.370493219045516131e-01
